-0.0196078
0
0.0196078
0.0392157
0.0588235
0.0784314
0.0980392
0.117647
0.137255
0.156863
0.176471
0.196078
0.215686
0.235294
0.254902
0.27451
0.294118
0.313725
0.333333
0.352941
0.372549
0.392157
0.411765
0.431373
0.45098
0.470588
0.490196
0.509804
0.529412
0.54902
0.568627
0.588235
0.607843
0.627451
0.647059
0.666667
0.686275
0.705882
0.72549
0.745098
0.764706
0.784314
0.803922
0.823529
0.843137
0.862745
0.882353
0.901961
0.921569
0.941176
0.960784
0.980392
1
1.01961
0
2.18621e-10
1.17831e-09
1.00443e-08
4.24432e-08
2.4969e-07
1.30321e-06
6.11944e-06
2.6849e-05
7.47796e-05
0.000302797
0.00112354
0.00338507
0.00846485
0.0226977
0.0554345
0.12471
0.257661
0.494108
0.866266
1.42307
2.16474
3.06703
3.97311
4.83588
5.41174
5.60356
5.41995
4.79771
3.99408
3.04246
2.18387
1.41478
0.870009
0.489955
0.251146
0.121789
0.0547464
0.0225877
0.00860989
0.00300839
0.00103593
0.000342779
8.64194e-05
2.85719e-05
6.33745e-06
1.35333e-06
2.68399e-07
6.10295e-08
8.42296e-09
1.57961e-09
3.05027e-10
0
